0, 0.088786 2.300154;
1, 0.073702 2.296223;
2, -1.808631 -1.848523;
3, -6.127625 -4.793813;
4, 3.286343 1.04282;
5, 0.657969 2.822963;
6, 0.909613 2.818126;
7, 0.36857 2.003885;
8, 0.758933 1.954603;
9, 0.238399 3.08136;
10, -4.198397 0.771364;
11, -5.376669 -0.100521;
12, -5.309964 0.449187;
13, -5.588009 0.241676;
14, -5.052256 -2.395147;
15, -4.065309 -1.017291;
16, -5.871156 -5.674688;
17, -5.28698 0.461337;
18, 2.880359 -10.281405;
19, 2.496756 -10.753329;
20, 1.714247 -12.352685;
21, 6.054852 -12.368852;
22, 5.224497 -7.589757;
23, 4.656367 -3.757215;
24, 4.564597 -3.623948;
25, 5.026278 -7.180436;
26, 2.646094 -4.091014;
27, 1.754102 1.016954;
28, 0.749214 0.981614;
29, 1.514362 1.131745;
30, 1.494073 1.136685;
31, -1.485222 -0.991803;
32, -4.631569 -0.548348;
33, -4.701675 -0.666288;
34, -0.239423 1.868723;
35, 3.255392 -5.272603;
36, -8.325223 -7.222217;
37, -7.051661 -2.463128;
38, -3.08225 1.857908;
39, -4.026999 1.469404;
40, -2.17968 -2.706806;
41, 3.929342 -3.674345;
42, 6.206993 -10.892696;
43, 2.710057 -11.257121;
44, 4.63375 -2.894822;
45, 3.97677 -2.215486;
46, -3.367451 -0.272658;
47, -4.51612 -0.124871;
48, -3.617605 1.625796;
49, -4.197909 1.54737;
50, -0.415475 0.543121;
51, -4.375288 -4.846272;
52, -3.874484 -4.702775;
53, -6.908487 -8.723825;
54, 0.606135 -5.19035;
55, -1.048492 -2.240477;
56, 0.101358 -0.125361;
57, -2.171695 -2.80063;
58, -0.182258 0.289878;
59, -4.211985 -0.411425;
60, -6.943229 -2.454854;
61, -6.320984 0.438755;
62, -7.941827 -9.943945;
63, 1.430404 -12.209878;
64, 1.758465 -12.491871;
65, 4.708285 -6.640273;
66, 5.68258 -8.536772;
67, 5.104091 -5.591295;
68, 0.674668 2.132455;
69, 0.278203 2.485502;
70, 0.006589 3.022035;
71, -0.863528 4.21178;
72, -2.609295 7.611989;
73, -7.706026 -6.913739;
74, -8.055135 -5.005075;
75, -2.239202 -2.722841;
76, -1.348086 -0.792984;
77, -1.736268 -2.834563;
78, 0.691108 1.112802;
79, 6.101517 -9.511967;
